0
0
0
0
0
0
0
0
0
0
0
0
0
0
0
0
0
0
0
0
0
7995
0
0
0
0
0
0
0
0
0
0
0
15995
0
0
0
0
0
0
0
0
0
0
0
0
0
0
0
0
0
0
0
0
0
0
15995
0
0
0
0
0
0
0
0
0
0
0
0
13995
0
0
0
0
0
12995
9995
0
0
0
0
0
0
0
0
0
0
10995
16995
0
0
9995
0
11995
0
15995
7995
0
15995
0
0
10995
0
0
10995
15995
0
10995
11995
0
0
0
0
0
8495
0
0
15995
0
9995
0
0
14995
0
10995
0
0
0
11995
0
0
0
4995
0
0
0
0
0
0
0
0
10995
0
0
0
0
0
0
0
0
8995
15995
0
0
0
0
18995
11995
0
15995
0
0
16995
0
0
0
0
0
8995
0
15995
11995
0
0
0
0
0
0
0
7495
0
0
0
0
0
5995
0
0
0
0
0
7995
0
0
0
15995
0
9995
0
0
13995
0
7495
14995
7995
0
0
17995
0
0
12995
0
0
0
0
16995
0
16995
9995
0
0
0
0
0
15995
0
12995
0
7995
0
13995
13995
0
0
0
0
0
0
0
0
0
0
8995
0
0
7995
11995
9995
0
0
7995
0
0
0
0
0
0
0
0
0
0
0
0
0
0
0
0
0
0
11995
0
4995
0
9995
0
0
7995
19995
0
10995
0
8995
13995
0
10995
0
0
0
0
0
0
0
9995
6995
0
4995
0
0
0
14995
8995
0
15995
6995
4995
2995
0
0
0
0
16995
0
7995
0
0
0
0
0
0
0
0
0
0
7995
12995
16995
12995
0
0
0
7495
0
12995
0
0
0
0
16995
0
0
0
15995
0
0
0
0
0
0
0
10995
0
11995
7495
0
11995
0
0
0
0
15995
7995
8495
0
13995
0
8495
0
0
0
0
17995
8995
0
13995
17995
0
10995
0
0
4495
0
13995
0
0
0
0
10995
10995
16995
10995
0
0
7995
0
9995
4995
0
0
0
0
15995
0
0
0
0
0
18995
15995
14995
9995
15995
0
9995
0
0
12995
0
11995
0
15995
0
0
0
13995
0
7495
15995
4495
0
0
0
4995
0
7895
0
0
10995
0
15995
0
0
0
0
8495
12995
0
0
5995
0
0
13995
2995
0
0
12995
5995
16995
0
8995
8995
13995
12995
0
16995
0
0
0
0
10995
6495
4795
0
0
0
13995
0
15995
0
17995
15995
0
0
0
0
9995
0
7495
0
0
0
11995
8495
0
0
0
13995
0
0
7995
0
10995
14995
16995
0
0
15995
0
0
0
0
0
0
0
0
0
0
0
0
7495
9995
7495
0
0
0
0
8995
0
0
8995
7995
0
0
7995
8995
7995
4995
15995
15995
0
0
13995
15995
8995
0
0
0
11995
4495
0
7495
4495
15995
0
8495
14995
0
0
15995
0
0
11995
0
11995
0
0
11995
12995
0
0
0
0
3995
0
0
0
0
0
16995
0
0
0
0
6995
15995
0
9995
0
4995
9495
0
11995
0
0
11995
16995
8995
0
0
7995
0
12995
0
8995
0
10995
0
15995
0
15995
0
9995
0
7995
0
0
0
0
6995
16995
0
0
0
0
16995
0
0
7495
8495
8995
0
15995
0
0
0
7495
0
10995
0
15995
4995
8495
0
8995
