0
0
0
0
0
0
0
1
14
2
9
67
0
0
48
34
0
16
0
0
0
6
2
22
0
65
0
1
4
0
5
1
7
0
0
0
3
0
1
13
7
3
0
61
0
0
0
0
0
0
0
0
0
2
31
2
0
0
1
0
2
0
0
1
47
0
0
2
0
2
9
0
8
1
0
33
27
9
0
3
0
0
1
0
0
0
11
10
2
0
5
2
20
0
2
12
3
2
0
8
5
1
1
1
5
18
0
1
3
81
0
6
3
0
3
2
0
7
1
25
7
0
6
12
9
223
24
1
0
0
3
1
0
0
5
17
0
0
2
0
2
3
0
3
0
50
2
20
0
17
1
2
8
54
6
68
17
27
0
0
0
31
7
0
2
4
1
2
7
1
24
31
2
20
0
14
15
23
0
0
105
30
61
12
0
1
94
30
1
34
0
0
4
0
10
62
18
23
9
11
0
1
0
0
1
0
4
4
0
0
12
23
1
1
1
3
0
9
13
1
0
0
0
2
1
2
19
0
5
5
5
0
0
13
0
0
0
0
0
0
47
12
23
2
0
6
5
11
2
1
1
0
0
0
0
0
5
0
3
0
3
4
4
29
1
3
0
78
0
6
0
0
1
2
1
0
2
0
0
2
0
0
1
5
10
1
0
1
1
45
1
0
10
1
14
0
0
10
2
0
0
0
2
6
0
0
1
0
0
5
25
3
18
0
0
1
13
71
2
0
0
3
34
9
4
0
18
1
0
1
0
0
72
1
0
1
1
0
3
19
6
4
3
19
8
0
6
0
10
3
5
1
0
0
4
0
0
42
0
5
5
1
1
0
4
5
2
6
10
1
11
7
0
17
12
0
13
11
9
1
8
3
2
1
0
1
0
3
5
1
0
6
25
2
2
0
3
2
5
0
3
3
0
5
0
0
6
18
26
26
0
1
1
31
33
5
4
5
2
0
12
0
20
1
1
0
2
2
63
0
5
0
1
4
0
0
1
24
6
0
1
0
4
5
30
7
5
0
2
1
1
8
0
1
45
1
17
1
1
1
0
17
0
0
1
0
8
9
5
1
25
1
0
1
0
0
0
0
4
0
1
6
34
0
16
63
0
15
3
0
2
0
34
12
2
5
3
20
13
0
0
0
1
3
1
0
2
0
7
0
1
34
2
5
1
0
36
2
0
11
0
0
0
0
0
1
2
0
0
0
5
1
6
19
1
0
0
4
15
1
2
0
12
2
0
3
2
1
18
15
1
1
0
5
1
0
0
11
14
3
6
34
1
0
1
0
18
0
1
19
0
0
3
0
1
0
6
0
1
0
0
0
2
5
0
20
0
53
5
1
8
19
10
11
3
0
2
1
1
4
0
13
19
8
3
4
18
18
4
1
4
0
10
8
0
0
0
0
3
3
0
2
1
1
10
0
0
0
0
0
1
2
3
45
0
0
10
1
1
0
1
4
0