7495
7495
9995
9995
9995
9995
5995
9995
15995
14995
9995
7495
10495
7995
16995
9995
14995
16995
7995
5495
15995
5597
14995
10995
11995
14995
9995
18995
2495
11995
1995
16995
5995
11997
13995
8995
7595
15995
8995
9995
7995
6495
5495
9995
12995
16995
11995
10995
5495
22995
8995
15995
9995
10995
9995
11995
11197
4995
14995
10995
13995
7995
11995
6995
16995
16995
7995
11995
24995
8397
9995
5995
7995
14995
11995
7797
5997
8795
8995
7995
6995
14995
9995
7995
7495
10995
9995
7697
13597
22995
7495
6997
15995
9597
8495
11197
4797
16995
11197
6995
16995
8797
7995
11995
6597
12797
8495
6597
8397
13995
5995
7595
9995
7995
5947
7995
7995
9597
16995
6997
20995
5995
10497
6995
8797
15995
15995
12995
8397
8995
7995
15995
3997
14995
15995
11995
5495
7995
13995
9995
8995
7697
11995
7995
10995
16995
9995
8995
10995
7995
7197
11197
6995
15995
1595
13995
15197
9637
12995
11997
7995
10995
13597
18995
6495
8995
9995
11995
7197
12995
12797
7197
10995
13495
12995
7995
14995
11995
15995
5247
14495
13995
10995
10995
12995
4497
5295
9995
8495
8995
16995
4797
21995
7995
18995
12797
12995
7997
9995
18995
11197
7995
5247
8997
6397
8995
9995
14397
11995
14995
7797
9995
16995
15995
3995
13597
14995
10197
5997
9995
12995
11995
4495
10995
11197
8995
7797
15995
5597
10995
11197
8397
9995
14995
1995
5495
5495
22995
7995
7995
16995
2495
5397
14995
7995
6397
7197
7997
12995
10995
6397
7995
5495
7995
6495
5495
8995
10495
10995
5995
11995
9495
15995
13995
6495
8495
6995
7295
5995
9597
7995
3497
22995
6997
13995
14995
6397
15997
13995
6597
14995
6297
11197
2795
8797
6495
7495
10995
9995
19995
5495
10995
6997
4897
13995
3497
9995
11995
13995
8997
6297
12995
12797
5597
3497
2097
24995
4995
18995
1595
11897
14995
6397
15995
21995
15995
7595
15995
11995
4995
10995
16995
15995
4797
9097
13597
9097
10995
4495
12995
5247
21995
10397
15995
5495
8995
7995
11897
9995
9995
8995
11197
4495
10995
18995
6995
6995
4495
12995
7697
6595
7197
5247
11995
8397
4495
8495
15995
15995
9597
6397
5947
9995
9797
11995
5947
6495
19995
15995
19995
12597
5397
15995
11197
14397
11995
6597
9995
10995
3147
5495
8397
11995
7995
17995
15995
7697
7697
13597
8797
5995
6995
5597
6495
7997
3497
10995
11995
10995
22995
12797
6495
1595
18995
9995
8495
13297
12797
11997
5997
11197
11995
7997
10995
2495
10397
9995
9597
10995
11197
13995
10995
8995
8397
4495
5247
11197
3597
8995
7995
7495
3997
22995
6317
11995
13995
7697
15995
12797
5995
7495
8995
8995
5947
7797
20995
6995
4197
10995
14995
9797
2397
5995
4495
10397
4497
11897
9995
7197
7197
9797
7797
7995
13597
7995
9995
22995
8995
6597
4547
3357
12995
5495
13995
11197
7995
11197
2995
12597
9597
15995
3695
6995
5495
5997
13995
5247
13995
8995
6495
8397
6797
8995
6495
10995
11197
12995
15995
4797
11995
6597
10497
13597
12995
10495
11197
6995
5995
9995
7495
7995
6995
11995
6995
14995
13995
8995
10995
5247
7997
5247
4495
10995
36500
24995
5397
7995
11995
5397
4797
6995
6495
5597
7197
6397
3497
11197
11197
13995
24995
8397
11197
7197
9995
13995
4495
8397
3147
15995
5997
3147
12797
5995
6797
10497
6495
21995
9597
9995
14995
9597
15995
7197
15995
16995
7197
10397
10995
7495
10995
11995
3197
12995
8495
14995
9995
12995
10197
5995
15995
7995
15995
5597
9597
15995
5997
8995
3997
7597
15995
9597
8795
7995
9597
10197
6297
7995
16995
6397
11995
9097
8995
7197
18995
7697
21995
9597
12995
11197
8495
7997
9995
5597
22995
5995
4495
6495
5597
13597
7495
7495
8495
7995
13597
12995
9995
5247
6797
7197
4995
12797
11995
15995
19995
5247
6495
8797
13995
12797
3497
5947
16995
6297